01022500
01031500
01047000
01052500
01054200
01055000
01057000
01073000
01078000
01123000
01134500
01137500
01139000
01139800
01142500
01144000
01162500
01169000
01170100
01181000
01187300
01195100
04296000
01333000
01350000
01350080
01350140
01365000
01411300
01413500
01414500
01415000
01423000
01434025
01435000
01439500
01440000
01440400
01451800
01466500
01484100
01487000
01491000
01510000
01516500
01518862
01532000
01539000
01542810
01543000
01543500
01544500
01545600
01547700
01548500
01549500
01550000
01552000
01552500
01557500
01567500
01568000
01580000
01583500
01586610
01591400
01594950
01596500
01605500
01606500
01632000
01632900
01634500
01638480
01639500
01644000
01664000
01666500
01667500
01669000
01669520
