01031500
01047000
01057000
01078000
01123000
01137500
01142500
01144000
01181000
01187300
01333000
01350000
01350080
01350140
01411300
01413500
01414500
01415000
01434025
01435000
01440000
01440400
01451800
01484100
01532000
01542810
01545600
01552500
01567500
01606500
01638480
01644000
01669000
01669520
02015700
02016000
02028500
02038850
02046000
02051500
02070000
02074500
02077200
02092500
02111180
02111500
02125000
02177000
02178400
02202600
02221525
02296500
02297155
02297310
02298123
02298608
02300700
02363000
02369800
02384540
02395120
02415000
02430085
02450250
02464000
02479560
03011800
03021350
03026500
03078000
03144000
03173000
03180500
03182500
03186500
03238500
03340800
03439000
03488000
04015330
04024430
04027000
04040500
04043050
04059500
04063700
04074950
04105700
04122500
04127918
04127997
04196800
04197170
04213075
04224775
05408000
05413500
05466500
05507600
05556500
05591550
05592575
05593900
05595730
06291500
06311000
06409000
06477500
06601000
06614800
06622700
06853800
06889500
06892000
06903400
06906800
06918460
07060710
07083000
07142300
07180500
07184000
07195800
07197000
07261000
07299670
07301410
07335700
08070000
08070200
08086290
08103900
08104900
08150800
08164300
08164600
08176900
08178880
08190000
08194200
08267500
08324000
09035800
09035900
09047700
09065500
09066000
09066300
09081600
09306242
09312600
09352900
09378170
09484600
09510200
09512280
10234500
10336660
11148900
11176400
11266500
11468500
11473900
11475560
11476600
11523200
11532500
12020000
12040500
12041200
12073500
12082500
12117000
12145500
12186000
12381400
12411000
12451000
13011900
13018300
13161500
13235000
13240000
14096850
14138800
14138900
14154500
14182500
14185900
14187000
14216500
14236200
14301000
14306340
14306500
14308990
14309500
14316700
14325000
14400000
