06224000
02069700
01667500
02027500
02059500
12144000
06803530
01545600
05501000
02074500
04015330
12383500
07083000
08189500
01583500
09404450
08109700
04197170
07208500
10343500
02082950
11478500
12035000
09312600
05507600
07301410
14185000
12082500
01557500
06879650
06221400
08158700
01539000
03026500
07299670
11143000
02152100
12020000
03028000
01580000
06921070
04057800
02472500
14096850
13161500
14301000
13240000
06280300
02245500
11381500
04027000
08324000
14309500
02479155
06622700
05584500
03070500
08195000
08014500
01632900
09386900
08178880
06803510
03180500
01031500
09447800
01596500
01666500
03050000
06431500
14325000
11522500
02215100
08164300
12390700
09306242
02038850
04161580
06814000
02361000
02198100
01451800
11481200
02143040
02464000
11124500
01055000
08086290
01543000
02369800
08066300
04196800
01638480
03473000
02299950
09513780
02469800
09107000
02221525
07197000
01415000
02479560
05595730
12143600
08269000
09223000
01434025
01518862
02015700
04233000
03291780
09512280
01606500
06344600
01669000
14187000
05120500
04122200
07315700
06919500
01664000
02193340
09066000
03238500
07142300
03488000
12167000
02065500
12054000
02231000
06917000
08190500
09065500
12175500
08066200
09066200
01350080
01669520
02149000
13331500
02465493
02297155
04059500
06889500
10244950
03498500
12041200
08082700
06440200
09484600
01487000
06477500
08267500
12488500
01542810
09492400
02479300
06479215
01333000
02464360
04074950
01052500
12447390
14138800
01365000
01632000
07315200
08086212
03237280
04040500
01644000
02051500
03069500
01187300
03463300
01552000
14316700
02350900
09497980
09352900
06885500
09378170
03460000
13011900
01423000
01440400
03340800
12114500
11230500
12377150
12147500
01350140
02298608
11482500
03285000
02178400
04115265
02384540
06853800
06406000
11468500
08194200
03455500
06918460
01591400
06876700
02381600
06906800
04213075
03368000
07340300
11480390
11266500
01510000
03456500
01195100
06447500
04122500
14158790
01567500
03592718
08190000
12056500
02246000
06746095
03504000
03281500
12092000
02298123
12178100
11476600
07196900
04024430
01605500
01548500
02102908
06889200
01435000
03010655
02342933
08377900
05291000
03186500
14216500
01484100
14020000
01634500
06289000
06291500
03241500
07263295
09505350
11264500
07057500
05591550
13011500
04256000
01547700
05362000
02064000
07335700
08165300
01543500
08070200
14306340
04213000
05525500
09510200
09081600
14236200
02111180
01181000
10259000
08176900
06601000
14137000
06903400
08013000
02430085
01466500
10336660
02415000
01350000
02096846
11528700
02374500
01414500
06339100
13023000
03015500
09430600
05503800
02112360
03346000
05489000
14154500
05593900
10336645
12411000
03338780
02013000
01170100
01639500
03021350
01123000
02118500
01134500
03237500
02092500
11523200
02202600
12189500
02216180
11475560
03170000
04043050
04224775
02450250
01139000
01552500
03479000
05399500
02472000
03366500
02371500
02297310
09066300
14303200
07195800
02011400
02016000
01439500
14138900
09047700
02053200
08050800
01550000
08200000
02196000
02300700
01073000
03364500
01078000
01491000
01440000
07167500
01162500
02212600
07362100
01532000
02046000
06350000
07359610
02028500
11176400
02128000
11473900
06470800
11237500
02481000
06623800
06847900
11451100
05592050
01022500
04057510
12040500
04105700
03574500
03076600
12117000
09035900
14185900
06278300
04127918
03500240
01411300
03182500
02081500
05057200
05495000
01594950
05487980
08171300
04221000
11284400
08150800
06614800
09505800
06921200
11532500
14139800
04063700
06311000
14182500
05488200
03049800
14166500
12013500
05592575
02070000
08271000
01057000
02125000
05414000
02017500
02018000
06910800
09494000
06332515
06409000
06632400
08023080
02427250
04296000
03471500
11151300
08158810
03604000
04185000
12115000
05495500
02014000
08380500
01549500
05458000
07060710
14222500
01516500
04197100
08164600
